0,476
0,475
0,437
0,471
0,470
0,469
0,467
0,464
0,461
0,460
0,457
0,455
222,12
0,453
0,452
0,449
0,375
0,374
0,373
0,371
222,11
0,501
246,35
140,1
140,3
0,322
0,369
0,367
0,366
0,448
0,243
191,3
191,1
191,5
194,7
194,6
194,3
194,1
194,5
193,3
193,1
193,5
0,364
142,7
142,1
142,6
3,2
3,1
3,3
10,2
10,1
10,3
11,2
11,1
11,3
243,5
243,3
243,1
240,3
240,1
9,2
9,1
9,3
232,4
232,3
232,1
232,0
8,2
8,1
8,3
226,4
226,3
226,2
226,1
226,0
12,2
12,1
12,3
223,4
223,3
223,2
223,1
223,0
222,10
222,9
222,8
222,7
222,6
222,5
222,4
222,3
222,2
222,1
222,0
221,6
221,5
221,4
221,3
221,2
221,1
221,0
219,10
219,9
219,8
219,7
219,6
219,5
20,2
20,1
20,3
219,4
219,3
219,2
219,1
219,0
19,2
19,1
19,3
217,4
217,3
217,2
217,1
217,0
213,4
213,3
213,2
213,1
213,0
207,4
207,3
207,2
207,1
207,0
204,3
204,2
204,1
204,0
202,3
202,2
202,1
202,0
201,5
201,4
201,3
201,2
201,1
