0,484
0,408
222,6
153,3
14,10
14,6
142,7
142,1
142,6
142,3
14,5
260,35
3,2
3,1
3,3
8,2
12,1
12,3
20,2
20,1
20,3
19,2
19,1
19,3
2,2
2,1
2,3
243,5
243,3
243,1
240,3
240,1
232,4
232,3
232,1
232,0
226,4
226,3
226,2
226,1
226,0
223,4
223,3
223,2
223,1
223,0
222,13
222,12
222,11
222,10
222,9
222,8
222,7
222,5
222,4
222,3
222,2
222,1
222,0
221,6
221,5
221,4
221,3
221,2
221,1
221,0
219,10
219,9
219,8
219,7
219,6
219,5
219,4
219,3
219,2
219,1
219,0
217,4
217,3
217,2
217,1
217,0
213,4
213,3
213,2
213,1
213,0
207,4
207,3
207,1
198,7
198,6
198,4
198,3
198,1
196,4
196,3
196,1
194,3
185,3
185,1
181,3
181,1
161,3
161,1
156,3
156,1
153,1
153,4
18,3
18,1
14,9
14,8
14,1
14,7
14,3
13,3
13,1
12,2
11,3
11,2
